(* analytic result for A91, from hep-ph/0902.3512 *)

A91=Sum[P[i]/eps^i, {i,0,6}];

P[6]=0;
P[5]=-1/18;
P[4]=1/2;
P[3]=-53/18-4/27*Pi^2;
P[2]=29/2+22*Pi^2/27-2*Zeta[3];
P[1]=-129/2-8/3*Pi^2+158/9*Zeta[3]-20/81*Pi^4;
P[0]=537/2+6*Pi^2-578/9*Zeta[3]+322*Pi^4/405-14/3*Pi^2*Zeta[3]-238/3*Zeta[5];


NA91=N[A91];

NA91 = 190.337644077252 - 0.05555555555555555/eps^5 + 0.5/eps^4 - 
     4.406608059420646/eps^3 + 20.13778607604992/eps^2 - 93.76779574101735/eps
