(* analytic result for A92, from hep-ph/0902.3512 *)

A92=Sum[P[i]/eps^i, {i,0,6}];

P[6]=2/9;
P[5]=5/6;
P[4]=-20/9-7/27*Pi^2;
P[3]=50/9-17/27*Pi^2-91/9*Zeta[3];
P[2]=-110/9+4*Pi^2/3-166/9*Zeta[3]-373/1080*Pi^4;
P[1]=170/9-16/9*Pi^2+494/9*Zeta[3]-187/540*Pi^4+179/27*Pi^2*Zeta[3]-167*Zeta[5];
P[0]=-670.0785;


NA92=N[A92];
(*
NA92 = -670.0785 + 0.2222222222222222/eps^6 + 0.8333333333333334/eps^5 - 
     4.781008548430574/eps^4 - 12.812770717818086/eps^3 - 
     54.87623530467903/eps^2 - 60.92407620962416/eps
*)
