(* analytic result for A94, from hep-ph/0902.3512 *)

A94=Sum[P[i]/eps^i, {i,0,6}];

P[6]=1/9;
P[5]=8/9;
P[4]=-1-10/27*Pi^2;
P[3]=-14/9-47/27*Pi^2-12*Zeta[3];
P[2]=17+71*Pi^2/27-200/3*Zeta[3]-47/810*Pi^4;
P[1]= 117.3999538;
P[0]= 1948.167043;


NA94=N[A94];

NA94 = 1948.167043 + 0.1111111111111111/eps^6 + 0.8888888888888888/eps^5 - 
     4.655409037440503/eps^4 - 33.16066086944105/eps^3 - 
     42.83585515419244/eps^2 + 117.3999538/eps
