result_1d: 0.5 +/- 9.58209e-17
result_2d: 0.25 +/- 5.28953e-06
