result_1d: 0.5 +/- 9.58209e-17
result_2d: 0.25 +/- 3.24911e-15
